1 0.18 823
2 0.18 765
3 0.18 803
4 0.18 803
5 0.18 705
6 0.18 725
7 0.19 967
8 0.19 1050
9 0.19 967
10 0.19 863
11 0.19 800
12 0.19 842
13 0.19 800
14 0.19 758
15 0.2 880
16 0.2 880
17 0.2 705
18 0.2 638
19 0.21 919
20 0.21 1149
21 0.21 1057
22 0.21 919
23 0.22 1198
24 0.23 1248
25 0.23 1147
26 0.23 995
27 0.24 1108
28 0.25 1485
29 0.25 1283
30 0.25 1149
31 0.25 1082
32 0.26 1539
33 0.26 1365
34 0.26 1260
35 0.26 1121
36 0.27 1595
37 0.27 1233
38 0.28 1199
39 0.29 1471
40 0.29 1238
41 0.3 1302
42 0.3 1510
43 0.3 1510
44 0.3 1260
45 0.3 1580
46 0.3 1459
47 0.3 1459
48 0.3 1218
49 0.3 1299
50 0.31 1641
51 0.31 1555
52 0.31 1427
53 0.31 1427
54 0.31 1126
55 0.31 1126
56 0.31 1628
57 0.31 1628
58 0.31 1337
59 0.32 1468
60 0.32 1202
61 0.32 1462
62 0.33 1327
63 0.33 1098
64 0.33 1503
65 0.34 1693
66 0.34 1551
67 0.34 1410
68 0.34 1269
69 0.34 1316
70 0.34 1222
71 0.34 1773
72 0.34 1636
73 0.35 1738
74 0.35 1593
75 0.35 1447
76 0.35 1255
77 0.35 1821
78 0.35 1540
79 0.36 1635
80 0.36 1485
81 0.37 1420
82 0.37 1420
83 0.4 1911
84 0.4 1525
85 0.4 2276
86 0.41 1956
87 0.41 1616
88 0.41 1506
89 0.43 1747
90 0.45 1572
91 0.46 2942
92 0.47 2651
93 0.48 2532
94 0.48 2383
95 0.5 3501
96 0.5 3501
97 0.5 3501
98 0.5 3293
99 0.5 3016
100 0.5 3501
101 0.5 3432
102 0.5 3652
103 0.5 3778
104 0.5 3432
105 0.51 3567
106 0.51 3205
107 0.51 3851
108 0.51 3722
109 0.51 3722
110 0.51 3851
111 0.52 3490
112 0.52 3635
113 0.52 3635
114 0.52 3418
115 0.52 3095
116 0.52 3346
117 0.52 3130
118 0.53 3921
119 0.53 3701
120 0.53 3480
121 0.53 3407
122 0.53 3995
123 0.53 3701
124 0.54 3767
125 0.54 4066
126 0.55 4138
127 0.55 3605
128 0.55 3529
129 0.55 3605
130 0.55 3706
131 0.55 3529
132 0.56 3667
133 0.56 2892
134 0.56 3900
135 0.56 4070
136 0.56 3470
137 0.56 3667
138 0.56 3202
139 0.57 3651
140 0.57 3415
141 0.57 3256
142 0.57 3415
143 0.58 4831
144 0.58 4209
145 0.58 3821
146 0.58 3792
147 0.59 3773
148 0.6 4291
149 0.6 4291
150 0.6 3925
151 0.6 3421
152 0.6 3925
153 0.61 3616
154 0.62 5845
155 0.62 3615
156 0.63 4401
157 0.63 6512
158 0.64 4759
159 0.64 3785
160 0.65 3643
161 0.66 4300
162 0.66 4300
163 0.7 5510
164 0.7 5122
165 0.7 5122
166 0.7 3861
167 0.7 5800
168 0.7 6285
169 0.7 5122
170 0.7 5122
171 0.7 5122
172 0.7 5122
173 0.7 5607
174 0.7 5326
175 0.7 6867
176 0.7 6285
177 0.7 5800
178 0.7 5510
179 0.7 4346
180 0.71 5881
181 0.71 5586
182 0.71 5193
183 0.71 5193
184 0.71 6372
185 0.71 5881
186 0.71 5193
187 0.71 6160
188 0.71 6372
189 0.71 5193
190 0.72 5263
191 0.72 5961
192 0.72 5662
193 0.72 5662
194 0.73 5738
195 0.73 5030
196 0.73 5030
197 0.73 4727
198 0.73 4221
199 0.73 5333
200 0.73 6041
201 0.74 5815
202 0.74 4585
203 0.74 5815
204 0.75 7368
205 0.75 4667
206 0.75 4355
207 0.76 9885
208 0.76 6095
209 0.77 6919
210 0.78 5386
211 0.78 5937
212 0.8 5441
213 0.8 4832
214 0.8 8611
215 0.8 6905
216 0.8 6905
217 0.8 6416
218 0.8 6051
219 0.81 8715
220 0.81 6988
221 0.81 6988
222 0.81 6495
223 0.81 7358
224 0.82 4948
225 0.82 6572
226 0.82 7072
227 0.83 7156
228 0.84 5705
229 0.85 6805
230 0.85 8359
231 0.85 6805
232 0.85 7711
233 0.86 6882
234 0.86 5835
235 0.89 6709
236 0.9 6682
237 0.9 7680
238 1 15582
239 1 11419
240 1 10588
241 1 9757
242 1 13913
243 1 10588
244 1 10713
245 1 9480
246 1 9896
247 1 9619
248 1 9169
249 1 9203
250 1 8788
251 1 8095
252 1 7818
253 1 9342
254 1 13775
255 1 14051
256 1 11419
257 1 10588
258 1 11696
259 1 10588
260 1 10450
261 1 9896
262 1 9203
263 1 9480
264 1 9065
265 1 8788
266 1 8788
267 1 8372
268 1 8095
269 1 7818
270 1.01 16008
271 1.01 10692
272 1.01 9853
273 1.01 10272
274 1.01 9573
275 1.01 9153
276 1.01 8873
277 1.01 8873
278 1.01 8455
279 1.01 7895
280 1.01 9713
281 1.01 8873
282 1.01 8175
283 1.01 13909
284 1.01 11531
285 1.01 10692
286 1.01 11811
287 1.01 10272
288 1.01 9993
289 1.01 9293
290 1.01 9433
291 1.01 9153
292 1.01 8873
293 1.01 8175
294 1.02 10372
295 1.02 9666
296 1.02 10090
297 1.02 10796
298 1.02 8959
299 1.03 10900
300 1.04 10571
301 1.04 9563
302 1.05 8781
303 1.06 9743
304 1.06 9302
305 1.06 9890
306 1.07 8945
307 1.09 9107
308 1.1 9646
